406592874
3205877595
40
1324301484
3205877595
3872553286
4082242962
1103876285
1800951639
2936907745
4082278400
3462015059
2528440598
1324301484
4082515244
2938984659
2532722786
3858768584
1798657879
3460025478
3210512397
1096323284
4083054236
1324301484
4089571158
1101695795
3217549285
3464128570
1800951639
3863053940
2530551690
2950644532
4084378854
1324301484
2528927964
3464115124
4087664616
2950628189
1798657879
1101689857
4088167034
3863044769
3205914257
